2024/04/26-13:45:13.900375 7fbfc0910b00 RocksDB version: 6.20.3
2024/04/26-13:45:13.900418 7fbfc0910b00 Git sha 8608d75d85f8e1b3b64b73a4fb6d19baec61ba5c
2024/04/26-13:45:13.900420 7fbfc0910b00 Compile date 2021-05-05 20:35:30
2024/04/26-13:45:13.900454 7fbfc0910b00 DB SUMMARY
2024/04/26-13:45:13.900456 7fbfc0910b00 DB Session ID:  YJOCCG3JUQUVLYO1OVY3
2024/04/26-13:45:13.900470 7fbfc0910b00 SST files in path/to/rocksdb dir, Total Num: 0, files: 
2024/04/26-13:45:13.900472 7fbfc0910b00 Write Ahead Log file in path/to/rocksdb: 
2024/04/26-13:45:13.900473 7fbfc0910b00                         Options.error_if_exists: 0
2024/04/26-13:45:13.900474 7fbfc0910b00                       Options.create_if_missing: 1
2024/04/26-13:45:13.900475 7fbfc0910b00                         Options.paranoid_checks: 1
2024/04/26-13:45:13.900475 7fbfc0910b00                               Options.track_and_verify_wals_in_manifest: 0
2024/04/26-13:45:13.900476 7fbfc0910b00                                     Options.env: 0x55827b56d4c0
2024/04/26-13:45:13.900477 7fbfc0910b00                                      Options.fs: Posix File System
2024/04/26-13:45:13.900478 7fbfc0910b00                                Options.info_log: 0x55827c7e0720
2024/04/26-13:45:13.900479 7fbfc0910b00                Options.max_file_opening_threads: 16
2024/04/26-13:45:13.900479 7fbfc0910b00                              Options.statistics: (nil)
2024/04/26-13:45:13.900480 7fbfc0910b00                               Options.use_fsync: 0
2024/04/26-13:45:13.900481 7fbfc0910b00                       Options.max_log_file_size: 0
2024/04/26-13:45:13.900482 7fbfc0910b00                  Options.max_manifest_file_size: 1073741824
2024/04/26-13:45:13.900482 7fbfc0910b00                   Options.log_file_time_to_roll: 0
2024/04/26-13:45:13.900483 7fbfc0910b00                       Options.keep_log_file_num: 1000
2024/04/26-13:45:13.900484 7fbfc0910b00                    Options.recycle_log_file_num: 0
2024/04/26-13:45:13.900484 7fbfc0910b00                         Options.allow_fallocate: 1
2024/04/26-13:45:13.900499 7fbfc0910b00                        Options.allow_mmap_reads: 0
2024/04/26-13:45:13.900500 7fbfc0910b00                       Options.allow_mmap_writes: 0
2024/04/26-13:45:13.900501 7fbfc0910b00                        Options.use_direct_reads: 0
2024/04/26-13:45:13.900501 7fbfc0910b00                        Options.use_direct_io_for_flush_and_compaction: 0
2024/04/26-13:45:13.900502 7fbfc0910b00          Options.create_missing_column_families: 0
2024/04/26-13:45:13.900503 7fbfc0910b00                              Options.db_log_dir: 
2024/04/26-13:45:13.900503 7fbfc0910b00                                 Options.wal_dir: path/to/rocksdb
2024/04/26-13:45:13.900504 7fbfc0910b00                Options.table_cache_numshardbits: 6
2024/04/26-13:45:13.900505 7fbfc0910b00                         Options.WAL_ttl_seconds: 0
2024/04/26-13:45:13.900506 7fbfc0910b00                       Options.WAL_size_limit_MB: 0
2024/04/26-13:45:13.900506 7fbfc0910b00                        Options.max_write_batch_group_size_bytes: 1048576
2024/04/26-13:45:13.900507 7fbfc0910b00             Options.manifest_preallocation_size: 4194304
2024/04/26-13:45:13.900508 7fbfc0910b00                     Options.is_fd_close_on_exec: 1
2024/04/26-13:45:13.900508 7fbfc0910b00                   Options.advise_random_on_open: 1
2024/04/26-13:45:13.900509 7fbfc0910b00                    Options.db_write_buffer_size: 0
2024/04/26-13:45:13.900510 7fbfc0910b00                    Options.write_buffer_manager: 0x55827c7e09c0
2024/04/26-13:45:13.900510 7fbfc0910b00         Options.access_hint_on_compaction_start: 1
2024/04/26-13:45:13.900511 7fbfc0910b00  Options.new_table_reader_for_compaction_inputs: 0
2024/04/26-13:45:13.900512 7fbfc0910b00           Options.random_access_max_buffer_size: 1048576
2024/04/26-13:45:13.900512 7fbfc0910b00                      Options.use_adaptive_mutex: 0
2024/04/26-13:45:13.900513 7fbfc0910b00                            Options.rate_limiter: (nil)
2024/04/26-13:45:13.900514 7fbfc0910b00     Options.sst_file_manager.rate_bytes_per_sec: 0
2024/04/26-13:45:13.900515 7fbfc0910b00                       Options.wal_recovery_mode: 2
2024/04/26-13:45:13.900525 7fbfc0910b00                  Options.enable_thread_tracking: 0
2024/04/26-13:45:13.900526 7fbfc0910b00                  Options.enable_pipelined_write: 0
2024/04/26-13:45:13.900527 7fbfc0910b00                  Options.unordered_write: 0
2024/04/26-13:45:13.900527 7fbfc0910b00         Options.allow_concurrent_memtable_write: 1
2024/04/26-13:45:13.900528 7fbfc0910b00      Options.enable_write_thread_adaptive_yield: 1
2024/04/26-13:45:13.900529 7fbfc0910b00             Options.write_thread_max_yield_usec: 100
2024/04/26-13:45:13.900529 7fbfc0910b00            Options.write_thread_slow_yield_usec: 3
2024/04/26-13:45:13.900530 7fbfc0910b00                               Options.row_cache: None
2024/04/26-13:45:13.900531 7fbfc0910b00                              Options.wal_filter: None
2024/04/26-13:45:13.900531 7fbfc0910b00             Options.avoid_flush_during_recovery: 0
2024/04/26-13:45:13.900532 7fbfc0910b00             Options.allow_ingest_behind: 0
2024/04/26-13:45:13.900533 7fbfc0910b00             Options.preserve_deletes: 0
2024/04/26-13:45:13.900533 7fbfc0910b00             Options.two_write_queues: 0
2024/04/26-13:45:13.900534 7fbfc0910b00             Options.manual_wal_flush: 0
2024/04/26-13:45:13.900535 7fbfc0910b00             Options.atomic_flush: 0
2024/04/26-13:45:13.900535 7fbfc0910b00             Options.avoid_unnecessary_blocking_io: 0
2024/04/26-13:45:13.900536 7fbfc0910b00                 Options.persist_stats_to_disk: 0
2024/04/26-13:45:13.900537 7fbfc0910b00                 Options.write_dbid_to_manifest: 0
2024/04/26-13:45:13.900537 7fbfc0910b00                 Options.log_readahead_size: 0
2024/04/26-13:45:13.900538 7fbfc0910b00                 Options.file_checksum_gen_factory: Unknown
2024/04/26-13:45:13.900539 7fbfc0910b00                 Options.best_efforts_recovery: 0
2024/04/26-13:45:13.900539 7fbfc0910b00                Options.max_bgerror_resume_count: 2147483647
2024/04/26-13:45:13.900540 7fbfc0910b00            Options.bgerror_resume_retry_interval: 1000000
2024/04/26-13:45:13.900541 7fbfc0910b00             Options.allow_data_in_errors: 0
2024/04/26-13:45:13.900541 7fbfc0910b00             Options.db_host_id: __hostname__
2024/04/26-13:45:13.900542 7fbfc0910b00             Options.max_background_jobs: 2
2024/04/26-13:45:13.900543 7fbfc0910b00             Options.max_background_compactions: -1
2024/04/26-13:45:13.900544 7fbfc0910b00             Options.max_subcompactions: 1
2024/04/26-13:45:13.900544 7fbfc0910b00             Options.avoid_flush_during_shutdown: 0
2024/04/26-13:45:13.900545 7fbfc0910b00           Options.writable_file_max_buffer_size: 1048576
2024/04/26-13:45:13.900546 7fbfc0910b00             Options.delayed_write_rate : 16777216
2024/04/26-13:45:13.900546 7fbfc0910b00             Options.max_total_wal_size: 0
2024/04/26-13:45:13.900547 7fbfc0910b00             Options.delete_obsolete_files_period_micros: 21600000000
2024/04/26-13:45:13.900548 7fbfc0910b00                   Options.stats_dump_period_sec: 600
2024/04/26-13:45:13.900548 7fbfc0910b00                 Options.stats_persist_period_sec: 600
2024/04/26-13:45:13.900549 7fbfc0910b00                 Options.stats_history_buffer_size: 1048576
2024/04/26-13:45:13.900550 7fbfc0910b00                          Options.max_open_files: -1
2024/04/26-13:45:13.900550 7fbfc0910b00                          Options.bytes_per_sync: 0
2024/04/26-13:45:13.900551 7fbfc0910b00                      Options.wal_bytes_per_sync: 0
2024/04/26-13:45:13.900552 7fbfc0910b00                   Options.strict_bytes_per_sync: 0
2024/04/26-13:45:13.900552 7fbfc0910b00       Options.compaction_readahead_size: 0
2024/04/26-13:45:13.900553 7fbfc0910b00                  Options.max_background_flushes: -1
2024/04/26-13:45:13.900554 7fbfc0910b00 Compression algorithms supported:
2024/04/26-13:45:13.900555 7fbfc0910b00 	kZSTD supported: 1
2024/04/26-13:45:13.900556 7fbfc0910b00 	kXpressCompression supported: 0
2024/04/26-13:45:13.900557 7fbfc0910b00 	kBZip2Compression supported: 1
2024/04/26-13:45:13.900561 7fbfc0910b00 	kZSTDNotFinalCompression supported: 1
2024/04/26-13:45:13.900562 7fbfc0910b00 	kLZ4Compression supported: 1
2024/04/26-13:45:13.900563 7fbfc0910b00 	kZlibCompression supported: 1
2024/04/26-13:45:13.900564 7fbfc0910b00 	kLZ4HCCompression supported: 1
2024/04/26-13:45:13.900565 7fbfc0910b00 	kSnappyCompression supported: 1
2024/04/26-13:45:13.900566 7fbfc0910b00 Fast CRC32 supported: Not supported on x86
2024/04/26-13:45:13.911985 7fbfc0910b00 [db/db_impl/db_impl_open.cc:285] Creating manifest 1 
2024/04/26-13:45:13.923862 7fbfc0910b00 [db/version_set.cc:4626] Recovering from manifest file: path/to/rocksdb/MANIFEST-000001
2024/04/26-13:45:13.924142 7fbfc0910b00 [db/column_family.cc:596] --------------- Options for column family [default]:
2024/04/26-13:45:13.924147 7fbfc0910b00               Options.comparator: leveldb.BytewiseComparator
2024/04/26-13:45:13.924149 7fbfc0910b00           Options.merge_operator: None
2024/04/26-13:45:13.924151 7fbfc0910b00        Options.compaction_filter: None
2024/04/26-13:45:13.924152 7fbfc0910b00        Options.compaction_filter_factory: None
2024/04/26-13:45:13.924153 7fbfc0910b00  Options.sst_partitioner_factory: None
2024/04/26-13:45:13.924155 7fbfc0910b00         Options.memtable_factory: SkipListFactory
2024/04/26-13:45:13.924157 7fbfc0910b00            Options.table_factory: BlockBasedTable
2024/04/26-13:45:13.924226 7fbfc0910b00            table_factory options:   flush_block_policy_factory: FlushBlockBySizePolicyFactory (0x55827c7dc9b0)
  cache_index_and_filter_blocks: 0
  cache_index_and_filter_blocks_with_high_priority: 1
  pin_l0_filter_and_index_blocks_in_cache: 0
  pin_top_level_index_and_filter: 1
  index_type: 0
  data_block_index_type: 0
  index_shortening: 1
  data_block_hash_table_util_ratio: 0.750000
  hash_index_allow_collision: 1
  checksum: 1
  no_block_cache: 0
  block_cache: 0x55827c7cc2a0
  block_cache_name: LRUCache
  block_cache_options:
    capacity : 8388608
    num_shard_bits : 4
    strict_capacity_limit : 0
    memory_allocator : None
    high_pri_pool_ratio: 0.000
  block_cache_compressed: (nil)
  persistent_cache: (nil)
  block_size: 4096
  block_size_deviation: 10
  block_restart_interval: 16
  index_block_restart_interval: 1
  metadata_block_size: 4096
  partition_filters: 0
  use_delta_encoding: 1
  filter_policy: nullptr
  whole_key_filtering: 1
  verify_compression: 0
  read_amp_bytes_per_bit: 0
  format_version: 5
  enable_index_compression: 1
  block_align: 0
2024/04/26-13:45:13.924246 7fbfc0910b00        Options.write_buffer_size: 67108864
2024/04/26-13:45:13.924248 7fbfc0910b00  Options.max_write_buffer_number: 2
2024/04/26-13:45:13.924250 7fbfc0910b00          Options.compression: Snappy
2024/04/26-13:45:13.924252 7fbfc0910b00                  Options.bottommost_compression: Disabled
2024/04/26-13:45:13.924254 7fbfc0910b00       Options.prefix_extractor: nullptr
2024/04/26-13:45:13.924255 7fbfc0910b00   Options.memtable_insert_with_hint_prefix_extractor: nullptr
2024/04/26-13:45:13.924256 7fbfc0910b00             Options.num_levels: 7
2024/04/26-13:45:13.924258 7fbfc0910b00        Options.min_write_buffer_number_to_merge: 1
2024/04/26-13:45:13.924259 7fbfc0910b00     Options.max_write_buffer_number_to_maintain: 0
2024/04/26-13:45:13.924260 7fbfc0910b00     Options.max_write_buffer_size_to_maintain: 0
2024/04/26-13:45:13.924262 7fbfc0910b00            Options.bottommost_compression_opts.window_bits: -14
2024/04/26-13:45:13.924263 7fbfc0910b00                  Options.bottommost_compression_opts.level: 32767
2024/04/26-13:45:13.924265 7fbfc0910b00               Options.bottommost_compression_opts.strategy: 0
2024/04/26-13:45:13.924266 7fbfc0910b00         Options.bottommost_compression_opts.max_dict_bytes: 0
2024/04/26-13:45:13.924268 7fbfc0910b00         Options.bottommost_compression_opts.zstd_max_train_bytes: 0
2024/04/26-13:45:13.924269 7fbfc0910b00         Options.bottommost_compression_opts.parallel_threads: 1
2024/04/26-13:45:13.924270 7fbfc0910b00                  Options.bottommost_compression_opts.enabled: false
2024/04/26-13:45:13.924299 7fbfc0910b00         Options.bottommost_compression_opts.max_dict_buffer_bytes: 0
2024/04/26-13:45:13.924301 7fbfc0910b00            Options.compression_opts.window_bits: -14
2024/04/26-13:45:13.924303 7fbfc0910b00                  Options.compression_opts.level: 32767
2024/04/26-13:45:13.924304 7fbfc0910b00               Options.compression_opts.strategy: 0
2024/04/26-13:45:13.924305 7fbfc0910b00         Options.compression_opts.max_dict_bytes: 0
2024/04/26-13:45:13.924307 7fbfc0910b00         Options.compression_opts.zstd_max_train_bytes: 0
2024/04/26-13:45:13.924308 7fbfc0910b00         Options.compression_opts.parallel_threads: 1
2024/04/26-13:45:13.924309 7fbfc0910b00                  Options.compression_opts.enabled: false
2024/04/26-13:45:13.924311 7fbfc0910b00         Options.compression_opts.max_dict_buffer_bytes: 0
2024/04/26-13:45:13.924312 7fbfc0910b00      Options.level0_file_num_compaction_trigger: 4
2024/04/26-13:45:13.924313 7fbfc0910b00          Options.level0_slowdown_writes_trigger: 20
2024/04/26-13:45:13.924315 7fbfc0910b00              Options.level0_stop_writes_trigger: 36
2024/04/26-13:45:13.924316 7fbfc0910b00                   Options.target_file_size_base: 67108864
2024/04/26-13:45:13.924318 7fbfc0910b00             Options.target_file_size_multiplier: 1
2024/04/26-13:45:13.924319 7fbfc0910b00                Options.max_bytes_for_level_base: 268435456
2024/04/26-13:45:13.924321 7fbfc0910b00 Options.level_compaction_dynamic_level_bytes: 0
2024/04/26-13:45:13.924322 7fbfc0910b00          Options.max_bytes_for_level_multiplier: 10.000000
2024/04/26-13:45:13.924326 7fbfc0910b00 Options.max_bytes_for_level_multiplier_addtl[0]: 1
2024/04/26-13:45:13.924327 7fbfc0910b00 Options.max_bytes_for_level_multiplier_addtl[1]: 1
2024/04/26-13:45:13.924329 7fbfc0910b00 Options.max_bytes_for_level_multiplier_addtl[2]: 1
2024/04/26-13:45:13.924330 7fbfc0910b00 Options.max_bytes_for_level_multiplier_addtl[3]: 1
2024/04/26-13:45:13.924332 7fbfc0910b00 Options.max_bytes_for_level_multiplier_addtl[4]: 1
2024/04/26-13:45:13.924333 7fbfc0910b00 Options.max_bytes_for_level_multiplier_addtl[5]: 1
2024/04/26-13:45:13.924334 7fbfc0910b00 Options.max_bytes_for_level_multiplier_addtl[6]: 1
2024/04/26-13:45:13.924336 7fbfc0910b00       Options.max_sequential_skip_in_iterations: 8
2024/04/26-13:45:13.924337 7fbfc0910b00                    Options.max_compaction_bytes: 1677721600
2024/04/26-13:45:13.924339 7fbfc0910b00                        Options.arena_block_size: 8388608
2024/04/26-13:45:13.924340 7fbfc0910b00   Options.soft_pending_compaction_bytes_limit: 68719476736
2024/04/26-13:45:13.924341 7fbfc0910b00   Options.hard_pending_compaction_bytes_limit: 274877906944
2024/04/26-13:45:13.924343 7fbfc0910b00       Options.rate_limit_delay_max_milliseconds: 100
2024/04/26-13:45:13.924344 7fbfc0910b00                Options.disable_auto_compactions: 0
2024/04/26-13:45:13.924348 7fbfc0910b00                        Options.compaction_style: kCompactionStyleLevel
2024/04/26-13:45:13.924350 7fbfc0910b00                          Options.compaction_pri: kMinOverlappingRatio
2024/04/26-13:45:13.924352 7fbfc0910b00 Options.compaction_options_universal.size_ratio: 1
2024/04/26-13:45:13.924353 7fbfc0910b00 Options.compaction_options_universal.min_merge_width: 2
2024/04/26-13:45:13.924355 7fbfc0910b00 Options.compaction_options_universal.max_merge_width: 4294967295
2024/04/26-13:45:13.924356 7fbfc0910b00 Options.compaction_options_universal.max_size_amplification_percent: 200
2024/04/26-13:45:13.924357 7fbfc0910b00 Options.compaction_options_universal.compression_size_percent: -1
2024/04/26-13:45:13.924360 7fbfc0910b00 Options.compaction_options_universal.stop_style: kCompactionStopStyleTotalSize
2024/04/26-13:45:13.924361 7fbfc0910b00 Options.compaction_options_fifo.max_table_files_size: 1073741824
2024/04/26-13:45:13.924363 7fbfc0910b00 Options.compaction_options_fifo.allow_compaction: 0
2024/04/26-13:45:13.924370 7fbfc0910b00                   Options.table_properties_collectors: 
2024/04/26-13:45:13.924381 7fbfc0910b00                   Options.inplace_update_support: 0
2024/04/26-13:45:13.924383 7fbfc0910b00                 Options.inplace_update_num_locks: 10000
2024/04/26-13:45:13.924384 7fbfc0910b00               Options.memtable_prefix_bloom_size_ratio: 0.000000
2024/04/26-13:45:13.924386 7fbfc0910b00               Options.memtable_whole_key_filtering: 0
2024/04/26-13:45:13.924388 7fbfc0910b00   Options.memtable_huge_page_size: 0
2024/04/26-13:45:13.924389 7fbfc0910b00                           Options.bloom_locality: 0
2024/04/26-13:45:13.924390 7fbfc0910b00                    Options.max_successive_merges: 0
2024/04/26-13:45:13.924392 7fbfc0910b00                Options.optimize_filters_for_hits: 0
2024/04/26-13:45:13.924393 7fbfc0910b00                Options.paranoid_file_checks: 0
2024/04/26-13:45:13.924394 7fbfc0910b00                Options.force_consistency_checks: 1
2024/04/26-13:45:13.924396 7fbfc0910b00                Options.report_bg_io_stats: 0
2024/04/26-13:45:13.924397 7fbfc0910b00                               Options.ttl: 2592000
2024/04/26-13:45:13.924398 7fbfc0910b00          Options.periodic_compaction_seconds: 0
2024/04/26-13:45:13.924400 7fbfc0910b00                    Options.enable_blob_files: false
2024/04/26-13:45:13.924401 7fbfc0910b00                        Options.min_blob_size: 0
2024/04/26-13:45:13.924403 7fbfc0910b00                       Options.blob_file_size: 268435456
2024/04/26-13:45:13.924405 7fbfc0910b00                Options.blob_compression_type: NoCompression
2024/04/26-13:45:13.924406 7fbfc0910b00       Options.enable_blob_garbage_collection: false
2024/04/26-13:45:13.924408 7fbfc0910b00   Options.blob_garbage_collection_age_cutoff: 0.250000
2024/04/26-13:45:13.925972 7fbfc0910b00 [db/version_set.cc:4666] Recovered from manifest file:path/to/rocksdb/MANIFEST-000001 succeeded,manifest_file_number is 1, next_file_number is 3, last_sequence is 0, log_number is 0,prev_log_number is 0,max_column_family is 0,min_log_number_to_keep is 0
2024/04/26-13:45:13.925980 7fbfc0910b00 [db/version_set.cc:4681] Column family [default] (ID 0), log number is 0
2024/04/26-13:45:13.926176 7fbfc0910b00 [db/version_set.cc:4118] Creating manifest 4
2024/04/26-13:45:13.953317 7fbfc0910b00 [db/db_impl/db_impl_open.cc:1756] SstFileManager instance 0x55827c7de820
2024/04/26-13:45:13.953399 7fbfc0910b00 DB pointer 0x55827c7e0a20
2024/04/26-13:45:13.954229 7fbfa3ff7640 [db/db_impl/db_impl.cc:931] ------- DUMPING STATS -------
2024/04/26-13:45:13.954315 7fbfa3ff7640 [db/db_impl/db_impl.cc:933] 
** DB Stats **
Uptime(secs): 0.0 total, 0.0 interval
Cumulative writes: 0 writes, 0 keys, 0 commit groups, 0.0 writes per commit group, ingest: 0.00 GB, 0.00 MB/s
Cumulative WAL: 0 writes, 0 syncs, 0.00 writes per sync, written: 0.00 GB, 0.00 MB/s
Cumulative stall: 00:00:0.000 H:M:S, 0.0 percent
Interval writes: 0 writes, 0 keys, 0 commit groups, 0.0 writes per commit group, ingest: 0.00 MB, 0.00 MB/s
Interval WAL: 0 writes, 0 syncs, 0.00 writes per sync, written: 0.00 MB, 0.00 MB/s
Interval stall: 00:00:0.000 H:M:S, 0.0 percent

** Compaction Stats [default] **
Level    Files   Size     Score Read(GB)  Rn(GB) Rnp1(GB) Write(GB) Wnew(GB) Moved(GB) W-Amp Rd(MB/s) Wr(MB/s) Comp(sec) CompMergeCPU(sec) Comp(cnt) Avg(sec) KeyIn KeyDrop Rblob(GB) Wblob(GB)
------------------------------------------------------------------------------------------------------------------------------------------------------------------------------------------------
 Sum      0/0    0.00 KB   0.0      0.0     0.0      0.0       0.0      0.0       0.0   0.0      0.0      0.0      0.00              0.00         0    0.000       0      0       0.0       0.0
 Int      0/0    0.00 KB   0.0      0.0     0.0      0.0       0.0      0.0       0.0   0.0      0.0      0.0      0.00              0.00         0    0.000       0      0       0.0       0.0

** Compaction Stats [default] **
Priority    Files   Size     Score Read(GB)  Rn(GB) Rnp1(GB) Write(GB) Wnew(GB) Moved(GB) W-Amp Rd(MB/s) Wr(MB/s) Comp(sec) CompMergeCPU(sec) Comp(cnt) Avg(sec) KeyIn KeyDrop Rblob(GB) Wblob(GB)
---------------------------------------------------------------------------------------------------------------------------------------------------------------------------------------------------

Blob file count: 0, total size: 0.0 GB

Uptime(secs): 0.0 total, 0.0 interval
Flush(GB): cumulative 0.000, interval 0.000
AddFile(GB): cumulative 0.000, interval 0.000
AddFile(Total Files): cumulative 0, interval 0
AddFile(L0 Files): cumulative 0, interval 0
AddFile(Keys): cumulative 0, interval 0
Cumulative compaction: 0.00 GB write, 0.00 MB/s write, 0.00 GB read, 0.00 MB/s read, 0.0 seconds
Interval compaction: 0.00 GB write, 0.00 MB/s write, 0.00 GB read, 0.00 MB/s read, 0.0 seconds
Stalls(count): 0 level0_slowdown, 0 level0_slowdown_with_compaction, 0 level0_numfiles, 0 level0_numfiles_with_compaction, 0 stop for pending_compaction_bytes, 0 slowdown for pending_compaction_bytes, 0 memtable_compaction, 0 memtable_slowdown, interval 0 total count

** File Read Latency Histogram By Level [default] **

** Compaction Stats [default] **
Level    Files   Size     Score Read(GB)  Rn(GB) Rnp1(GB) Write(GB) Wnew(GB) Moved(GB) W-Amp Rd(MB/s) Wr(MB/s) Comp(sec) CompMergeCPU(sec) Comp(cnt) Avg(sec) KeyIn KeyDrop Rblob(GB) Wblob(GB)
------------------------------------------------------------------------------------------------------------------------------------------------------------------------------------------------
 Sum      0/0    0.00 KB   0.0      0.0     0.0      0.0       0.0      0.0       0.0   0.0      0.0      0.0      0.00              0.00         0    0.000       0      0       0.0       0.0
 Int      0/0    0.00 KB   0.0      0.0     0.0      0.0       0.0      0.0       0.0   0.0      0.0      0.0      0.00              0.00         0    0.000       0      0       0.0       0.0

** Compaction Stats [default] **
Priority    Files   Size     Score Read(GB)  Rn(GB) Rnp1(GB) Write(GB) Wnew(GB) Moved(GB) W-Amp Rd(MB/s) Wr(MB/s) Comp(sec) CompMergeCPU(sec) Comp(cnt) Avg(sec) KeyIn KeyDrop Rblob(GB) Wblob(GB)
---------------------------------------------------------------------------------------------------------------------------------------------------------------------------------------------------

Blob file count: 0, total size: 0.0 GB

Uptime(secs): 0.0 total, 0.0 interval
Flush(GB): cumulative 0.000, interval 0.000
AddFile(GB): cumulative 0.000, interval 0.000
AddFile(Total Files): cumulative 0, interval 0
AddFile(L0 Files): cumulative 0, interval 0
AddFile(Keys): cumulative 0, interval 0
Cumulative compaction: 0.00 GB write, 0.00 MB/s write, 0.00 GB read, 0.00 MB/s read, 0.0 seconds
Interval compaction: 0.00 GB write, 0.00 MB/s write, 0.00 GB read, 0.00 MB/s read, 0.0 seconds
Stalls(count): 0 level0_slowdown, 0 level0_slowdown_with_compaction, 0 level0_numfiles, 0 level0_numfiles_with_compaction, 0 stop for pending_compaction_bytes, 0 slowdown for pending_compaction_bytes, 0 memtable_compaction, 0 memtable_slowdown, interval 0 total count

** File Read Latency Histogram By Level [default] **
2024/04/26-13:45:13.954791 7fbfc0910b00 [db/db_impl/db_impl.cc:462] Shutdown: canceling all background work
2024/04/26-13:45:13.955600 7fbfc0910b00 [db/db_impl/db_impl.cc:642] Shutdown complete
